NPVT Channel Report — last update: 2026-08-08T07:40:33.540047+00:00

NPVT Channel Report — last update: 2026-08-05T20:38:01.178363+00:00
ada_free_connect: 0, 0, 0, 0, 0, 0, 0, 0, 0, 0, 0, 0, 0, 0, 0, 0, 0, 0, 0, 0, 0
anonymouskeys: 0, 0, 0, 4, 1, 1, 2, 0, 0, 2, 0, 0, 0, 1, 3, 0, 1, 0, 0, 0, 1
anty_filter: 0, 0, 0, 0, 0, 0, 1, 0, 0, 0, 0, 0, 0, 0, 0, 0, 0, 0, 1, 0, 0
argo_vpnn: 0, 0, 0, 0, 0, 0, 1, 0, 0, 0, 0, 0, 0, 0, 1, 0, 0, 0, 0, 0, 0
azadinternet_tv: 0, 0, 1, 0, 0, 1, 2, 0, 0, 0, 0, 0, 0, 1, 0, 0, 0, 0, 0, 1, 0
azdeltaghalam7: 0, 0, 0, 0, 0, 0, 0, 0, 0, 0, 0, 0, 0, 0, 0, 0, 0, 0, 0, 0, 0
blackray: 0, 1, 0, 0, 0, 0, 0, 0, 0, 1, 0, 0, 0, 0, 0, 0, 0, 0, 0, 0, 1
broz_time: 0, 0, 0, 4, 2, 3, 4, 0, 0, 2, 1, 0, 0, 1, 4, 3, 3, 1, 0, 0, 2
capoit: 0, 0, 0, 0, 0, 0, 0, 0, 0, 0, 0, 0, 0, 0, 0, 0, 0, 0, 0, 0, 0
config_fre: 1, 0, 0, 0, 0, 1, 1, 0, 0, 2, 0, 0, 0, 0, 1, 0, 0, 0, 0, 0, 0
config_magazine: 0, 0, 0, 1, 0, 1, 2, 0, 0, 0, 1, 0, 0, 0, 1, 1, 1, 1, 0, 0, 1
configir98: 1, 2, 0, 2, 1, 1, 5, 0, 0, 1, 0, 0, 0, 0, 2, 0, 1, 1, 1, 0, 0
configpluse: 0, 0, 0, 0, 0, 0, 1, 0, 0, 0, 0, 0, 0, 0, 0, 0, 0, 0, 0, 0, 0
configraygan: 0, 0, 0, 1, 0, 0, 0, 0, 0, 0, 0, 0, 0, 0, 1, 0, 1, 0, 0, 0, 0
configshub: 13, 8, 2, 1, 4, 2, 6, 1, 4, 11, 7, 10, 1, 23, 4, 6, 2, 3, 1, 5, 5
configx2ray: 0, 1, 0, 1, 0, 1, 3, 0, 0, 1, 0, 0, 0, 0, 1, 0, 1, 1, 0, 0, 1
confiig_connect: 0, 0, 0, 0, 1, 1, 2, 0, 0, 0, 0, 0, 0, 0, 0, 0, 0, 1, 0, 0, 0
confing_proxi1: 1, 0, 0, 0, 0, 0, 2, 0, 0, 0, 0, 0, 0, 0, 0, 0, 1, 0, 0, 0, 0
cooonfig: 1, 1, 1, 4, 2, 2, 1, 0, 0, 4, 1, 1, 0, 0, 1, 2, 2, 1, 1, 0, 5
cpy_teel: 0, 0, 0, 0, 0, 0, 0, 0, 0, 0, 0, 0, 0, 0, 0, 0, 1, 0, 0, 0, 0
dalton_ping: 0, 0, 0, 0, 0, 0, 0, 0, 0, 0, 0, 0, 0, 0, 0, 3, 0, 0, 0, 0, 0
e404tech: 0, 0, 0, 0, 1, 0, 4, 0, 0, 0, 0, 0, 0, 0, 0, 0, 2, 3, 0, 0, 0
eliv2ray: 0, 0, 0, 0, 0, 0, 0, 0, 0, 0, 0, 0, 0, 0, 0, 0, 0, 0, 0, 0, 0
farsiproxi: 0, 0, 1, 0, 0, 0, 1, 0, 0, 0, 0, 0, 0, 0, 1, 0, 0, 0, 0, 0, 0
fast_conect0: 0, 0, 0, 0, 0, 0, 0, 0, 1, 0, 0, 0, 0, 0, 0, 1, 0, 0, 0, 0, 0
fastnettools: 0, 1, 0, 0, 0, 1, 2, 0, 0, 0, 0, 0, 0, 0, 2, 0, 1, 1, 0, 0, 0
filtershekan_channel: 0, 0, 0, 1, 0, 0, 0, 0, 0, 0, 0, 0, 0, 0, 1, 0, 0, 1, 0, 0, 0
flyv2ray: 0, 0, 0, 0, 2, 0, 0, 0, 0, 0, 0, 0, 0, 0, 3, 0, 0, 0, 0, 0, 0
free1_vpn: 0, 0, 0, 0, 0, 0, 0, 0, 0, 0, 0, 0, 0, 0, 0, 0, 0, 0, 0, 0, 0
freeland8: 0, 0, 0, 1, 0, 0, 0, 0, 0, 1, 0, 0, 0, 0, 1, 0, 0, 0, 0, 0, 0
g0dv2ray: 0, 0, 0, 0, 0, 0, 1, 0, 0, 0, 0, 1, 0, 0, 0, 0, 0, ERR, 0, 0, 0
gargabil: 0, 0, 0, 0, 0, 0, 0, 0, 0, 0, 0, 0, 0, 0, 0, 0, 1, 0, 0, 0, 0
ghalagyann: 0, 0, 0, 0, 1, 0, 1, 0, 0, 0, 0, 0, 0, 1, 0, 0, 0, 0, 0, 0, 0
ghalagyann2: 0, 0, 0, 0, 1, 0, 1, 0, 0, 0, 0, 0, 0, 1, 0, 0, 0, ERR, 0, 0, 0
ghoflshcan: 1, 1, 0, 0, 0, 1, 3, 0, 0, 1, 0, 0, 0, 1, 0, 1, 1, 1, 0, 0, 0
gozargahazad: 13, 6, 15, 8, 11, 7, 13, 12, 7, 18, 15, 7, 14, 25, 4, 12, 5, 9, 5, 13, 3
harfbzaniiim: 0, 0, 0, 1, 0, 1, 2, 0, 0, 0, 0, 0, 0, 2, 0, 0, 0, 0, 0, 0, 0
hddify: 0, 0, 0, 0, 0, 0, 3, 0, 0, 1, 0, 0, 0, 0, 1, 0, 0, 0, 0, 0, 0
heartdebt: 0, 0, 0, 0, 0, 0, 0, 0, 0, 0, 0, 0, 0, 0, 0, 0, 0, 0, 0, 0, 0
hex_proxy: 1, 0, 0, 1, 0, 1, 1, 0, 0, 1, 0, 0, 0, 0, 2, 0, 1, 0, 0, 0, 1
hi_proxy_iran: 0, 0, 0, 1, 0, 0, 0, 0, 0, 0, 0, 0, 0, 0, 1, 0, 0, 0, 0, 0, 0
hiddify_nexttt: 0, 0, 0, 4, 5, 2, 6, 0, 0, 2, 1, 0, 0, 1, 0, 0, 2, 0, 0, 0, 0
icv2ray: 0, 0, 0, 0, 1, 0, 2, 0, 0, 0, 0, 0, 0, 0, 1, 0, 1, 0, 0, 0, 0
iiproxyiran: 0, 0, 0, 0, 1, 0, 0, 0, 0, 0, 1, 0, 0, 0, 0, 0, 0, 0, 0, 0, 0
infotech_vk: 0, 0, 0, 1, 0, 0, 0, 0, 0, 0, 0, 0, 0, 0, 1, 0, 0, 0, 0, 0, 0
ipv2ray: 0, 0, 0, 0, 0, 0, 0, 0, 0, 0, 0, 0, 0, 0, 0, 0, 0, ERR, 0, 0, 0
iranconnecting: 0, 16, 17, 7, 15, 9, 13, 19, 7, 11, 12, 12, 10, 14, 9, 6, 6, 10, 6, 14, 3
iranvasll: 0, 0, 0, 0, 0, 0, 0, 0, 0, 0, 0, 0, 0, 0, 0, 0, 0, ERR, 0, 0, 0
irv2rey: 0, 0, 0, 1, 0, 0, 0, 0, 0, 0, 0, 0, 0, 0, 0, 0, 1, ERR, 0, 0, 0
jkvpn: 0, 0, 0, 0, 0, 0, 1, 0, 0, 0, 0, 0, 0, 0, 0, 1, 0, 0, 0, 0, 0
jynmarket: 0, 0, 0, 0, 0, 0, 0, 0, 0, 0, 0, 0, 0, 0, 0, 0, 0, ERR, 0, 0, 0
kamkarstore: 0, 0, 1, 1, 0, 0, 3, 0, 0, 0, 1, 0, 0, 0, 1, 0, 0, 0, 0, 0, 0
kurdconfing: 1, 0, 0, 0, 0, 1, 0, 0, 0, 0, 0, 0, 0, 0, 1, 0, 0, 0, 0, 0, 0
marambashi: 0, 1, 0, 0, 0, 0, 0, 0, 0, 0, 0, 0, 0, 0, 1, 0, 0, ERR, 1, 0, 0
maramivpn: 0, 0, 0, 0, 0, 0, 0, 0, 0, 0, 0, 0, 0, 0, 0, 0, 0, 0, 0, 0, 0
masster_vpn: 0, 0, 0, 0, 0, 0, 0, 0, 0, 0, 0, 0, 0, 1, 0, 1, 0, ERR, 0, 0, 0
maznet: 0, 0, 0, 0, 0, 0, 0, 0, 0, 0, 0, 0, 0, 0, 0, 0, 0, 0, 0, 0, 0
mellinet_npv: 0, 0, 0, 1, 0, 0, 0, 0, 0, 1, 0, 0, 0, 0, 0, 0, 0, 0, 0, 0, 1
merlin_vip: 0, 0, 0, 0, 0, 0, 1, 0, 0, 0, 0, 0, 0, 0, 0, 0, 0, ERR, 0, 0, 0
mitivpn: 0, 0, 0, 0, 0, 0, 1, 0, 0, 0, 0, 0, 0, 1, 0, 0, 0, ERR, 0, 0, 0
moft_vpn: 0, 0, 0, 1, 0, 0, 0, 0, 0, 0, 0, 0, 0, 0, 0, 0, 0, 0, 0, 0, 0
mtmvpn: 0, 0, 0, 0, 0, 0, 1, 0, 0, 0, 0, 0, 0, 0, 1, 0, 0, ERR, 0, 0, 0
musiclovers85: 0, 0, 0, 0, 0, 0, 0, 0, 0, 0, 0, 0, 0, 0, 0, 0, 0, 0, 0, 0, 0
mymoon_81: 0, 0, 0, 0, 0, 0, 1, 0, 0, 0, 0, 0, 0, 0, 0, 0, 0, 0, 0, 0, 0
napsternet_confing1: 1, 0, 0, 2, 0, 0, 4, 0, 0, 0, 0, 0, 0, 0, 2, 2, 2, 1, 0, 0, 0
net2proxy: 0, 0, 1, 4, 2, 4, 7, 0, 0, 1, 1, 0, 0, 1, 4, 3, 2, 1, 1, 0, 2
netnewz: 0, 0, 0, 1, 0, 0, 0, 0, 0, 0, 0, 0, 0, 0, 0, 0, 0, 1, 0, 0, 0
nftvici: 0, 0, 0, 0, 0, 0, 0, 0, 0, 0, 0, 0, 0, 0, 0, 0, 0, 0, 0, 0, 0
nitrustore: 0, 0, 0, 0, 1, 0, 0, 0, 0, 0, 0, 0, 0, 0, 0, 0, 0, 0, 0, 0, 0
npv_tunnela: 1, 3, 3, 1, 4, 7, 6, 0, 1, 0, 0, 0, 0, 1, 4, 1, 1, 1, 1, 0, 2
npv_tunnelorg: 0, 0, 0, 0, 1, 0, 0, 0, 0, 0, 1, 0, 0, 0, 0, 0, 1, 0, 0, 0, 0
npvfreeall: 1, 1, 1, 0, 2, 2, 3, 0, 0, 0, 0, 0, 0, 0, 2, 1, 1, 0, 1, 0, 1
npvtunel: 0, 1, 1, 1, 0, 1, 1, 0, 0, 0, 0, 0, 0, 0, 0, 1, 0, 0, 0, 0, 0
npvv2rayfilter: 0, 0, 0, 0, 0, 0, 1, 0, 0, 0, 0, 1, 0, 0, 0, 0, 0, 0, 0, 0, 0
persianvpnhub: 1, 1, 2, 10, 5, 4, 0, 3, 0, 4, 0, 0, 1, 0, 8, 1, 6, 3, 1, 1, 2
pewezatech: 0, 0, 0, 0, 0, 0, 0, 0, 0, 0, 0, 0, 0, 0, 0, 0, 0, 0, 0, 0, 0
proxy_badss: 0, 0, 0, 0, 0, 0, 1, 0, 0, 0, 0, 0, 0, 0, 2, 0, 0, ERR, 0, 0, 0
proxy_kafee: 0, 1, 0, 0, 1, 0, 1, 0, 0, 0, 0, 0, 0, 0, 0, 1, 0, 0, 0, 0, 0
proxy_mtm: 0, 0, 0, 0, 0, 0, 1, 0, 0, 0, 0, 0, 0, 0, 1, 0, 0, 0, 0, 0, 0
proxypj: 0, 0, 0, 0, 1, 0, 0, 0, 0, 0, 0, 0, 0, 0, 0, 0, 0, 0, 0, 0, 0
proxysnipe: 0, 0, 0, 0, 0, 0, 1, 0, 0, 0, 0, 0, 0, 0, 0, 0, 0, 0, 0, 0, 0
proxystore11: 0, 0, 0, 0, 0, 0, 0, 0, 0, 0, 0, 0, 0, 0, 0, 0, 0, 0, 0, 0, 0
proxyzeno: 1, 0, 1, 3, 2, 2, 4, 0, 1, 1, 1, 0, 0, 0, 1, 2, 1, 2, 0, 0, 2
rk_vps: 0, 0, 0, 0, 0, 0, 1, 0, 0, 0, 0, 0, 0, 0, 0, 1, 0, 0, 0, 0, 0
server01012: 0, 0, 0, 0, 1, 0, 1, 0, 0, 0, 0, 0, 0, 0, 1, 0, 0, 0, 0, 0, 0
servernett: 0, 0, 0, 0, 0, 1, 0, 0, 0, 0, 0, 0, 0, 1, 0, 0, 0, 0, 0, 0, 0
serverstm: 0, 0, 0, 1, 2, 1, 1, 1, 0, 0, 0, 0, 0, 0, 1, 1, 2, 0, 1, 0, 1
shadowproxy66: 0, 0, 0, 0, 0, 0, 0, 0, 0, 0, 0, 0, 0, 0, 0, 0, 0, 0, 0, 0, 0
shh_proxy: 0, 0, 0, 0, 1, 0, 0, 0, 0, 0, 0, 0, 0, 0, 1, 0, 0, 0, 0, 0, 0
sil3nt_network: 0, 0, 0, 0, 0, 0, 0, 0, 0, 0, 0, 1, 0, 0, 0, 0, 0, 1, 0, 0, 0
sinavm: 0, 0, 0, 0, 0, 0, 0, 0, 0, 0, 0, 0, 0, 0, 0, 0, 1, 0, 0, 0, 0
singbox1: 0, 1, 0, 0, 1, 0, 1, 0, 0, 0, 0, 0, 0, 0, 0, 1, 0, 0, 0, 0, 0
sorenab2: 0, 11, 0, 0, 1, 0, 10, 0, 0, 0, 0, 0, 0, 8, 11, 0, 1, 0, 5, 0, 25
srcvpn: 0, 0, 0, 0, 0, 0, 1, 0, 0, 0, 0, 1, 0, 0, 0, 0, 0, 0, 0, 0, 0
tasiyanc: 1, 0, 0, 0, 0, 0, 1, 0, 0, 0, 0, 0, 0, 0, 1, 0, 0, 1, 0, 0, 0
taziyanteam: 0, 4, 0, 2, 3, 2, 9, 0, 0, 0, 0, 0, 0, 0, 3, 0, 0, 0, 0, 0, 4
tel_melli: 0, 0, 1, 1, 1, 0, 6, 0, 0, 0, 0, 0, 0, 3, 1, 3, 5, 2, 1, 0, 1
telpj: 0, 0, 0, 0, 1, 0, 0, 0, 0, 0, 0, 0, 0, 0, 0, 0, 0, 0, 0, 0, 0
thephantom_net: 0, 0, 0, 0, 0, 0, 0, 0, 0, 0, 0, 0, 0, 0, 0, 0, 0, 0, 0, 0, 0
tweety_proxy: 0, 0, 0, 0, 0, 0, 1, 0, 0, 0, 0, 0, 0, 0, 1, 0, 0, 0, 0, 0, 0
uinqvpn: 0, 0, 0, 0, 0, 0, 0, 0, 0, 0, 0, 0, 0, 0, 0, 0, 0, 0, 0, 0, 0
unlimitconfig: 0, 1, 0, 0, 0, 0, 1, 0, 0, 1, 0, 0, 0, 0, 0, 0, 0, 0, 0, 0, 1
unlimiteddev: 0, 0, 0, 0, 0, 0, 1, 0, 0, 0, 0, 0, 0, 0, 0, 0, 0, 0, 0, 0, 0
v2dogs_n: 0, 0, 0, 0, 0, 0, 0, 0, 0, 0, 0, 0, 0, 0, 1, 0, 0, 0, 0, 0, 0
v2hubir: 0, 0, 0, 2, 1, 0, 2, 0, 0, 1, 0, 0, 0, 1, 0, 1, 2, 0, 0, 0, 1
v2proxypvn: 0, 0, 0, 0, 0, 0, 1, 0, 0, 0, 0, 0, 0, 0, 0, 0, 0, 0, 0, 0, 0
v2ray1_ng: 0, 0, 0, 0, 0, 0, 0, 0, 0, 0, 0, 0, 0, 0, 0, 0, 0, 0, 0, 0, 0
v2ray_alpha: 1, 0, 0, 1, 1, 0, 1, 0, 0, 1, 0, 0, 0, 1, 1, 0, 1, 0, 0, 0, 0
v2ray_confing33: 0, 1, 0, 0, 0, 1, 1, 0, 0, 0, 1, 0, 0, 0, 0, 0, 0, 0, 0, 0, 0
v2ray_official: 0, 0, 0, 0, 0, 0, 1, 1, 0, 0, 0, 0, 0, 0, 1, 0, 0, 0, 0, 0, 0
v2ray_vpn_ir: 0, 1, 1, 0, 0, 0, 0, 0, 0, 0, 0, 0, 0, 0, 0, 0, 0, 0, 0, 0, 0
v2rayenglish: 0, 0, 0, 0, 0, 0, 3, 0, 0, 0, 0, 0, 0, 0, 0, 0, 0, 0, 0, 0, 0
v2raymelliii: 0, 0, 0, 0, 1, 1, 3, 0, 0, 0, 0, 0, 0, 1, 0, 1, 0, 0, 1, 0, 0
v2rayng405: 0, 0, 0, 0, 0, 0, 0, 0, 0, 0, 0, 0, 0, 0, 0, 0, 0, 0, 0, 0, 0
v2rayng_cafe: 0, 0, 0, 5, 0, 0, 3, 0, 0, 0, 0, 0, 0, 0, 3, 2, 0, 0, 0, 0, 0
v2rayng_fars: 0, 0, 0, 0, 0, 0, 0, 0, 0, 0, 0, 0, 0, 0, 0, 1, 0, 0, 0, 0, 0
v2rayngcloud: 1, 0, 1, 1, 0, 1, 1, 0, 0, 0, 0, 0, 0, 0, 0, 1, 0, 0, 0, 0, 0
v2rayngvpn: 0, 0, 0, 4, 3, 2, 4, 0, 0, 2, 1, 0, 0, 1, 4, 3, 3, 1, 0, 0, 2
v2rayroom: 0, 0, 0, 0, 0, 0, 0, 0, 0, 1, 0, 0, 0, 0, 0, 0, 0, 0, 0, 0, 0
v2raytun0: 0, 0, 0, 0, 0, 1, 2, 0, 0, 0, 1, 0, 0, 0, 0, 0, 0, 0, 0, 0, 0
v2rayyngvpn: 0, 0, 0, 0, 0, 0, 0, 0, 0, 1, 0, 0, 0, 0, 0, 0, 0, 0, 0, 0, 0
vasl_bashim: 0, 1, 0, 0, 0, 0, 0, 0, 0, 1, 0, 0, 0, 0, 0, 0, 0, 0, 0, 0, 0
vipv2rayngnp: 0, 1, 0, 2, 1, 1, 3, 0, 0, 1, 0, 0, 0, 1, 0, 1, 0, 1, 1, 0, 0
vlinews: 0, 0, 0, 0, 0, 0, 0, 0, 0, 0, 0, 0, 0, 0, 1, 0, 0, 0, 0, 0, 0
vmessorg: 0, 0, 0, 0, 0, 0, 1, 0, 0, 0, 0, 0, 0, 0, 1, 0, 0, 0, 0, 0, 0
voxvpnonline: 0, 0, 0, 0, 0, 0, 0, 0, 0, 0, 0, 0, 0, 0, 0, 0, 0, 0, 1, 0, 0
vpn_click: 0, 0, 0, 2, 1, 1, 2, 0, 0, 1, 0, 0, 0, 0, 1, 1, 0, 0, 0, 0, 1
vpn_hubtm: 0, 0, 0, 2, 1, 0, 1, 1, 0, 1, 1, 0, 0, 0, 1, 1, 1, 0, 0, 0, 1
vpn_shield: 0, 0, 0, 0, 0, 0, 0, 0, 0, 0, 1, 0, 0, 0, 0, 0, 0, 0, 0, 0, 1
vpn_solve: 0, 0, 0, 0, 0, 0, 1, 0, 0, 0, 0, 0, 0, 0, 0, 0, 0, 1, 0, 0, 0
vpnbaz: 0, 0, 0, 0, 0, 0, 1, 0, 0, 0, 0, 0, 0, 0, 0, 0, 0, 1, 0, 0, 0
vpncustomize: 0, 0, 0, 0, 1, 0, 0, 0, 0, 0, 0, 0, 0, 1, 0, 0, 0, 0, 0, 0, 0
vpnferi: 0, 0, 0, 1, 0, 0, 0, 0, 0, 0, 0, 0, 0, 0, 0, 0, 0, 1, 0, 0, 0
vpnfredom: 0, 0, 0, 0, 0, 0, 1, 0, 0, 1, 0, 0, 0, 0, 0, 0, 0, 0, 0, 0, 0
vpnparsajo: 0, 0, 0, 0, 0, 0, 0, 0, 0, 0, 0, 0, 0, 0, 0, 0, 0, 0, 0, 0, 1
vpnx44: 0, 0, 0, 0, 0, 0, 1, 0, 0, 0, 0, 0, 0, 0, 0, 0, 0, 0, 0, 0, 0
wedbaztel: 0, 0, 0, 0, 0, 0, 0, 0, 0, 0, 0, 0, 0, 1, 0, 0, 0, 0, 0, 0, 0
xpnteam: 0, 0, 0, 1, 0, 0, 1, 0, 0, 0, 1, 0, 0, 0, 0, 0, 1, 0, 0, 0, 0
xtodayz: 0, 0, 0, 0, 0, 0, 0, 0, 0, 0, 0, 0, 0, 0, 0, 0, 0, 0, 0, 0, 0
xv2ray: 0, 0, 0, 0, 0, 0, 1, 0, 0, 0, 0, 0, 0, 0, 0, 0, 0, 0, 0, 0, 0
y2knistam: 0, 0, 0, 1, 0, 0, 0, 0, 0, 0, 0, 0, 0, 0, 0, 0, 0, 0, 0, 0, 1
zero_tunnel: 0, 0, 0, 0, 0, 0, 0, 0, 0, 0, 0, 0, 0, 0, 0, 0, 1, 0, 0, 0, 0
znetai: 0, 0, 0, 0, 0, 1, 0, 0, 0, 0, 0, 0, 0, 0, 0, 0, 0, 0, 0, 0, 0
